<?xml version="1.0"?>
<opencv_storage>
<RMS>8.3658955076779029e-01</RMS>
<K type_id="opencv-matrix">
  <rows>3</rows>
  <cols>3</cols>
  <dt>d</dt>
  <data>
    7.6001613374937369e+02 0. 6.4087153947685806e+02 0.
    7.5738605374404563e+02 3.6155441062078728e+02 0. 0. 1.</data></K>
<D type_id="opencv-matrix">
  <rows>1</rows>
  <cols>5</cols>
  <dt>d</dt>
  <data>
    -3.4322912621821283e-01 1.6988794349565417e-01
    1.2773994774090337e-04 9.5894565873338371e-04
    -5.3061603163771946e-02</data></D>
</opencv_storage>
